function sensor = SS(e)
a = 0.97097561;
b = 1.70926829;
sensor = a*e+b;